0 1200 1400 0 0 0 0 0 0 2150 0 0 0 0 0 0 0 0 0
1200 0 500 780 0 0 0 0 0 0 0 0 0 0 0 0 0 0 0
1400 500 0 1200 0 0 0 0 0 0 0 0 0 0 0 0 0 0 0
0 780 1200 0 790 770 1200 0 0 900 0 0 0 0 0 0 0 0 0
0 0 0 790 0 180 0 0 770 0 0 0 0 0 0 0 0 0 0
0 0 0 770 180 0 290 0 0 0 0 0 0 0 0 0 0 0 0
0 0 0 1200 0 290 0 580 0 0 0 0 0 0 0 0 0 0 0
0 0 0 0 0 0 580 0 700 0 0 0 0 0 0 0 0 0 0
0 0 0 0 770 0 0 700 0 1350 730 0 0 0 0 0 0 0 0
2150 0 0 900 0 0 0 0 1350 0 1500 0 0 0 0 0 0 0 0
0 0 0 0 0 0 0 0 730 1500 0 2100 0 0 0 0 0 0 0
0 0 0 0 0 0 0 0 0 0 2100 0 2500 2000 0 0 0 0 1700
0 0 0 0 0 0 0 0 0 0 0 2500 0 1000 0 0 0 0 0
0 0 0 0 0 0 0 0 0 0 0 2000 1000 0 2000 0 0 0 0
0 0 0 0 0 0 0 0 0 0 0 0 0 2000 0 1400 3600 0 0
0 0 0 0 0 0 0 0 0 0 0 0 0 0 1400 0 0 0 0
0 0 0 0 0 0 0 0 0 0 0 0 0 0 3600 0 0 790 0
0 0 0 0 0 0 0 0 0 0 0 0 0 0 0 0 790 0 1100
0 0 0 0 0 0 0 0 0 0 0 1700 0 0 0 0 0 1100 0